0.8550564894620689	1.2e-8
0.86099438175	1.8e-8
0.8670153214825175	2.5e-8
0.8731210631830986	5.e-8
0.879313411148936	8.5e-8
0.8855942212285715	1.4e-7
0.8919654026762591	2.3e-7
0.8984289200869566	3.8e-7
0.9049867954160582	6.e-7
0.9116411100882351	9.5e-7
0.9183940071999999	1.7e-6
0.9252476938208956	3.5e-6
0.9322044433984962	8.e-6
0.9392665982727272	0.000016
0.9464365723053435	0.000027
0.9537168536307691	0.000045
0.9611100075348836	0.000071
0.9686186794687499	0.00012
0.9762455982047243	0.0002
0.9839935791428571	0.00036
0.991865527776	0.001
0.9998644433225806	0.0024
1.0079934225365852	0.0047
1.0162556637049183	0.0082
1.024654470842975	0.013
1.0331932581	0.022
1.0418755543865545	0.036
1.0507050082372882	0.065
1.059685392923077	0.22
1.0688206118275863	0.42
1.078114704104348	0.68
1.087571850631579	1.
1.097196380283186	1.5
1.1069927765357142	2.
1.1169656844324323	2.7
1.1271199179272726	3.5
1.1374604676330275	4.7
1.147992509	6.2
1.1587214109532709	8.
1.1696527450188676	11.1
1.1807922949714285	16.3
1.1921460670384616	22.6
1.203720300699029	30.2
1.2155214801176468	39.9
1.2275563462574257	51.1
1.23983190972	64.
1.2523554643636363	79.
1.265134601755102	96.
1.2781772265154638	113
1.291491572625	134
1.3050862207578946	156
1.3189701167234043	183
1.333152591096774	209
1.3476433801304346	240
1.362452648043956	271
1.3775910108	303
1.393069561483146	343
1.4088998974090907	383
1.4250941491034483	431
1.4416650113023255	479
1.4586257761411765	534
1.4759903687142857	590
1.4937733852048194	647
1.511990133804878	707
1.5306566786666664	775
1.5497898871499998	850
1.5694074806582274	928
1.5895280893846153	1030
1.6101713113246754	1100
1.6313577759473683	1190
1.6531092129599998	1310
1.6754485266486487	1420
1.698399876328767	1540
1.7219887635	1680
1.7462421263661971	1780
1.771188442457143	1890
1.7968578401739133	2040
1.8232822201764702	2200
1.8504953876417911	2390
1.8785331965454544	2570
1.9074337072615382	2790
1.9372373589374998	3030
1.9679871582857142	3280
1.9997288866451612	3520
2.0325113274098365	3800
2.0663865162	4175
2.1014100164745764	4490
2.1376412236551725	4880
2.175143701263158	5320
2.2139855530714283	5780
2.2542398358545452	6390
2.295985018	7050
2.3393054900377352	7850
2.384292134076923	8800
2.4310429602352936	9700
2.47966381944	11100.
2.530269203510204	12600.
2.58298314525	14400.
2.6379402334468085	16600.
2.695286760260869	19500.
2.7551820216	24100.
2.8177997948181814	30700.
2.883330022604651	40200.
2.9519807374285714	52700.
3.023980267609756	69500.
3.0995797742999995	93000.
3.1790561787692306	143000.
3.2627155518947366	313000.
3.3508970532972975	737000.
3.443977527	1.04e6
3.542376884914286	1.06e6
3.6465644403529405	1.1e6
3.7570663930909087	1.18e6
3.8744747178749996	1.3e6
3.9994577732903225	1.46e6
4.1327730324	1.77e6
4.275282447310345	2.29e6
4.427971106142857	2.37e6
4.591970036	2.18e6
4.768584268153846	1.97e6
4.95932763888	1.84e6