0.8550564894620689	3.485
0.86099438175	3.486
0.8670153214825175	3.487
0.8731210631830986	3.488
0.879313411148936	3.489
0.8855942212285715	3.49
0.8919654026762591	3.491
0.8984289200869566	3.492
0.9049867954160582	3.494
0.9116411100882351	3.495
0.9183940071999999	3.496
0.9252476938208956	3.497
0.9322044433984962	3.499
0.9392665982727272	3.5
0.9464365723053435	3.502
0.9537168536307691	3.503
0.9611100075348836	3.505
0.9686186794687499	3.506
0.9762455982047243	3.508
0.9839935791428571	3.509
0.991865527776	3.511
0.9998644433225806	3.513
1.0079934225365852	3.515
1.0162556637049183	3.517
1.024654470842975	3.518
1.0331932581	3.52
1.0418755543865545	3.522
1.0507050082372882	3.524
1.059685392923077	3.526
1.0688206118275863	3.528
1.078114704104348	3.53
1.087571850631579	3.532
1.097196380283186	3.535
1.1069927765357142	3.537
1.1169656844324323	3.54
1.1271199179272726	3.542
1.1374604676330275	3.545
1.147992509	3.547
1.1587214109532709	3.55
1.1696527450188676	3.553
1.1807922949714285	3.556
1.1921460670384616	3.559
1.203720300699029	3.562
1.2155214801176468	3.565
1.2275563462574257	3.568
1.23983190972	3.572
1.2523554643636363	3.575
1.265134601755102	3.579
1.2781772265154638	3.583
1.291491572625	3.587
1.3050862207578946	3.591
1.3189701167234043	3.595
1.333152591096774	3.6
1.3476433801304346	3.604
1.362452648043956	3.609
1.3775910108	3.614
1.393069561483146	3.619
1.4088998974090907	3.624
1.4250941491034483	3.63
1.4416650113023255	3.635
1.4586257761411765	3.641
1.4759903687142857	3.647
1.4937733852048194	3.654
1.511990133804878	3.661
1.5306566786666664	3.668
1.5497898871499998	3.675
1.5694074806582274	3.683
1.5895280893846153	3.691
1.6101713113246754	3.699
1.6313577759473683	3.708
1.6531092129599998	3.717
1.6754485266486487	3.727
1.698399876328767	3.737
1.7219887635	3.748
1.7462421263661971	3.759
1.771188442457143	3.772
1.7968578401739133	3.784
1.8232822201764702	3.798
1.8504953876417911	3.813
1.8785331965454544	3.828
1.9074337072615382	3.844
1.9372373589374998	3.861
1.9679871582857142	3.879
1.9997288866451612	3.898
2.0325113274098365	3.918
2.0663865162	3.94
2.1014100164745764	3.963
2.1376412236551725	3.988
2.175143701263158	4.015
2.2139855530714283	4.045
2.2542398358545452	4.077
2.295985018	4.112
2.3393054900377352	4.151
2.384292134076923	4.193
2.4310429602352936	4.241
2.47966381944	4.294
2.530269203510204	4.35
2.58298314525	4.419
2.6379402334468085	4.497
2.695286760260869	4.587
2.7551820216	4.691
2.8177997948181814	4.812
2.883330022604651	4.949
2.9519807374285714	5.119
3.023980267609756	5.33
3.0995797742999995	5.613
3.1790561787692306	6.039
3.2627155518947366	6.616
3.3508970532972975	6.891
3.443977527	6.026
3.542376884914286	5.494
3.6465644403529405	5.301
3.7570663930909087	5.195
3.8744747178749996	5.112
3.9994577732903225	5.121
4.1327730324	4.976
4.275282447310345	4.356
4.427971106142857	2.959
4.591970036	2.068
4.768584268153846	1.757
4.95932763888	1.665