     305       0
     310 6.598e+012
     315 1.709e+013
     320 2.914e+013
     325 4.036e+013
     330 6.563e+013
     335 6.575e+013
     340 7.447e+013
     345 7.619e+013
     350 8.518e+013
     360 9.424e+013
     370 1.24e+014
     380 1.362e+014
     390 1.414e+014
     400 2.039e+014
     410 2.389e+014
     420 2.502e+014
     430 2.319e+014
     440 2.882e+014
     450 3.455e+014
     460 3.702e+014
     470 3.739e+014
     480 3.932e+014
     490 3.795e+014
     500 3.896e+014
     510 4.071e+014
     520 3.885e+014
     530 4.193e+014
     540 4.213e+014
     550 4.321e+014
     570 4.306e+014
     590 4.143e+014
     610 4.559e+014
     630 4.546e+014
     650 4.644e+014
     670 4.694e+014
     690 3.923e+014
     710 4.704e+014
     718 3.65e+014
   724.4 3.802e+014
     740 4.51e+014
   752.5 4.52e+014
   757.5 4.48e+014
   762.5 2.467e+014
   767.5 3.98e+014
     780 4.439e+014
     800 4.354e+014
     816 3.487e+014
   823.7 3.253e+014
   831.5 3.834e+014
     840 4.057e+014
     860 4.236e+014
     880 4.132e+014
     905 3.408e+014
     915 3.073e+014
     925 3.213e+014
     930 1.889e+014
     937 1.218e+014
     948 1.496e+014
     965 2.558e+014
     980 3.187e+014
   993.5 3.733e+014
    1040 3.613e+014
    1070 3.432e+014
    1100 2.284e+014
    1120 6.137e+013
    1130 1.075e+014
    1137 7.563e+013
    1161 1.98e+014
    1180 2.731e+014
    1200 2.558e+014
    1235 2.986e+014
    1290 2.681e+014
    1320 1.662e+014
    1350 2.208e+013
    1395 1.123e+012
    1443 4.043e+013
    1463 7.734e+013
    1477 7.84e+013
    1497 1.372e+014
    1520 1.932e+014
    1539 2.123e+014
    1558 2.156e+014
    1578 1.942e+014
    1592 1.982e+014
    1610 1.853e+014
    1630 2.005e+014
    1646 1.945e+014
    1678 1.862e+014
    1740 1.501e+014
    1800 2.78e+013
    1860 1.872e+012
    1920 1.159e+012
    1960 2.091e+013
    1985 9.099e+013
    2005 2.704e+013
    2035 1.019e+014
    2065 6.276e+013
    2100 9.414e+013
    2148 8.884e+013
    2198 7.907e+013
    2270 8.018e+013
    2360 7.362e+013
    2450 2.613e+013
    2494 2.321e+013
    2537 4.085e+012
    2941 6.511e+012
    2973 1.137e+013
    3005 9.828e+012
    3056 4.92e+012
    3132 8.51e+012
    3156 3.081e+013
    3204 2.096e+012
    3245 5.225e+012
    3317 2.186e+013
    3344 5.384e+012
    3450 2.309e+013
    3573 2.139e+013
    3765 1.856e+013
    4045 1.526e+013
