3.994737e+02 3.891509e-01
4.031579e+02 4.068396e-01
4.073684e+02 4.245283e-01
4.115789e+02 4.422170e-01
4.168421e+02 4.599057e-01
4.236842e+02 4.775943e-01
4.273684e+02 4.905660e-01
4.321053e+02 5.082547e-01
4.368421e+02 5.212264e-01
4.415789e+02 5.389151e-01
4.468421e+02 5.530660e-01
4.515789e+02 5.695755e-01
4.568421e+02 5.825472e-01
4.621053e+02 5.955189e-01
4.673684e+02 6.132075e-01
4.721053e+02 6.273585e-01
4.768421e+02 6.391509e-01
4.815789e+02 6.533019e-01
4.868421e+02 6.662736e-01
4.921053e+02 6.792453e-01
4.968421e+02 6.922170e-01
5.015789e+02 7.040094e-01
5.073684e+02 7.181604e-01
5.115789e+02 7.323113e-01
5.168421e+02 7.441038e-01
5.221053e+02 7.582547e-01
5.268421e+02 7.676887e-01
5.321053e+02 7.806604e-01
5.368421e+02 7.900943e-01
5.421053e+02 8.018868e-01
5.478947e+02 8.125000e-01
5.526316e+02 8.195755e-01
5.563158e+02 8.290094e-01
5.626316e+02 8.360849e-01
5.673684e+02 8.455189e-01
5.715789e+02 8.537736e-01
5.763158e+02 8.632075e-01
5.821053e+02 8.679245e-01
5.873684e+02 8.761792e-01
5.926316e+02 8.844340e-01
5.984211e+02 8.903302e-01
6.068421e+02 9.021226e-01
6.252632e+02 9.186321e-01
6.426316e+02 9.339623e-01
6.542105e+02 9.410377e-01
6.668421e+02 9.469340e-01
6.821053e+02 9.516509e-01
7.005263e+02 9.575472e-01
7.268421e+02 9.599057e-01
7.584211e+02 9.551887e-01
7.836842e+02 9.504717e-01
8.021053e+02 9.469340e-01
8.215789e+02 9.433962e-01
8.347368e+02 9.386792e-01
8.473684e+02 9.327830e-01
8.600000e+02 9.292453e-01
8.710526e+02 9.245283e-01
8.852632e+02 9.186321e-01
8.968421e+02 9.162736e-01
9.100000e+02 9.115566e-01
9.226316e+02 9.068396e-01
9.347368e+02 9.021226e-01
9.447368e+02 8.974057e-01
9.563158e+02 8.950472e-01
9.647368e+02 8.891509e-01
9.715789e+02 8.808962e-01
9.831579e+02 8.726415e-01
9.884211e+02 8.632075e-01
9.926316e+02 8.502358e-01
9.968421e+02 8.408019e-01
1.002105e+03 8.148585e-01
1.006842e+03 8.018868e-01
1.012632e+03 7.617925e-01
1.016842e+03 7.405660e-01
1.022632e+03 6.839623e-01
1.027895e+03 6.580189e-01
1.032632e+03 5.790094e-01
1.037368e+03 5.530660e-01
1.042105e+03 4.634434e-01
1.047368e+03 4.375000e-01
1.052105e+03 3.455189e-01
1.057368e+03 3.242925e-01
1.062105e+03 2.358491e-01
1.067368e+03 2.228774e-01
1.072632e+03 1.615566e-01
1.077895e+03 1.568396e-01
1.082632e+03 1.226415e-01
1.087368e+03 1.132075e-01
1.092105e+03 8.844340e-02
1.098421e+03 8.254717e-02
1.100526e+03 6.250000e-02