3.994737e+02 5.754717e-01
4.047368e+02 5.577830e-01
4.100000e+02 5.412736e-01
4.152632e+02 5.235849e-01
4.200000e+02 5.058962e-01
4.236842e+02 4.870283e-01
4.284211e+02 4.693396e-01
4.342105e+02 4.575472e-01
4.389474e+02 4.386792e-01
4.447368e+02 4.209906e-01
4.500000e+02 4.080189e-01
4.547368e+02 3.915094e-01
4.605263e+02 3.785377e-01
4.652632e+02 3.608491e-01
4.684211e+02 3.478774e-01
4.742105e+02 3.337264e-01
4.794737e+02 3.160377e-01
4.836842e+02 3.042453e-01
4.894737e+02 2.912736e-01
4.947368e+02 2.771226e-01
5.000000e+02 2.629717e-01
5.047368e+02 2.511792e-01
5.084211e+02 2.370283e-01
5.131579e+02 2.240566e-01
5.189474e+02 2.110849e-01
5.236842e+02 2.028302e-01
5.294737e+02 1.910377e-01
5.347368e+02 1.757075e-01
5.400000e+02 1.674528e-01
5.447368e+02 1.591981e-01
5.500000e+02 1.450472e-01
5.536842e+02 1.367925e-01
5.589474e+02 1.285377e-01
5.636842e+02 1.191038e-01
5.694737e+02 1.108491e-01
5.742105e+02 1.014151e-01
5.800000e+02 9.433962e-02
5.842105e+02 8.844340e-02
5.900000e+02 8.018868e-02
5.952632e+02 7.547170e-02
5.989474e+02 6.603774e-02
6.036842e+02 6.250000e-02
6.089474e+02 5.424528e-02
6.147368e+02 4.834906e-02
6.236842e+02 4.245283e-02
6.326316e+02 3.419811e-02
6.431579e+02 2.594340e-02
6.542105e+02 1.886792e-02
6.663158e+02 1.415094e-02
6.763158e+02 9.433962e-03
6.900000e+02 7.075472e-03
7.121053e+02 1.179245e-03
7.378947e+02 1.179245e-03
7.578947e+02 7.075472e-03
7.821053e+02 9.433962e-03
8.000000e+02 1.415094e-02
8.147368e+02 1.886792e-02
8.294737e+02 2.358491e-02
8.447368e+02 2.712264e-02
8.573684e+02 3.183962e-02
8.763158e+02 4.127358e-02
8.900000e+02 4.599057e-02
9.142105e+02 5.542453e-02
9.384211e+02 6.250000e-02
9.563158e+02 7.193396e-02
9.700000e+02 8.136792e-02
9.847368e+02 9.669811e-02
9.936842e+02 1.155660e-01
1.004211e+03 1.462264e-01
1.010000e+03 1.627358e-01
1.014211e+03 1.851415e-01
1.020000e+03 2.075472e-01
1.024737e+03 2.334906e-01
1.030526e+03 2.641509e-01
1.033684e+03 3.007075e-01
1.038947e+03 3.349057e-01
1.044211e+03 3.702830e-01
1.049474e+03 4.091981e-01
1.054211e+03 4.445755e-01
1.060000e+03 4.787736e-01
1.064737e+03 5.106132e-01
1.070000e+03 5.365566e-01
1.075263e+03 5.577830e-01
1.078947e+03 5.790094e-01
1.084211e+03 5.966981e-01
1.089474e+03 6.155660e-01
1.094211e+03 6.273585e-01
1.100000e+03 6.426887e-01